69457239415
45923621878
32760349802
43049171880
01945240512
03355913294
07405587909
06006834600
12861207728
05077863512
02819166245
32306805881
38767749852
13784316778
09578966466
10909986789
64843343315
87132478672
38406738871
32856812848
16538968767
14158707722
03591142964
00044441673
03755066750
03291900405
01240441070
28508905882
09156974914
11221932462
00130894710
02310893684
15416384760
00747881677
60462531953
00353761710
35159331824
05106327180
05667125714

21467627801

10144989450
89759362600
16736581648
70822410460
15568436746
13529769789
42779697806
43320099833
91355397634
06111107925
66707242768
01315602040
41936012855
18712399744
77945247920
06422680457
80165672153
04321257360
14469606766
03447882298
09231385798
07463089908
12419170946
07379903926
12321228660
33706111802
42008137856
08573488921
02427424242
45284824873
01191792293
14280609608
92255620200
03061430628
82096082153
11144195756
01366218132
07636281406
07329524921
03510080475
13485456667

11360389652
04152297158
98554883268
18286957776
35078254811
07189328467
00904017940
10967652766
08019979921
89309332468
05314664933
11343705983
37873401812
14522437781

04560891958
04628931976
09810184409
38297874800
43216286878
70531099172
06592479922
03146867702
48848638520

17409690739
11087403758
10398544786
05093239950
15076193670
11804171948
16077627739
05994895962
04470634999
05888994707
22698969806
39094522802
14929911710

05033906585
13227006723
30079061000157
02652689231
41976567858
01197393056
10068644663
53457122806

02006945610
24867414883
60832039373
43940323420
01209746735
15198912700
08234123939
70146584252
44344247850
40935918817
02869965109
37588706000126
13143100702
05314664933
09992799633
11343705983
08935820938
16510234769
43077221837
32036769829
01058309250
40692281878
10692251774
11309802000102
05358271481
11901231933
07140956480
03344569910
03966025094
03658915412
00904179923
02956542877
14456157623
04868970445
00237824558
07703100609
22306047839
04945788154
02270841018
06715776113
18084896750
23008616828
47791256851
10271360607
10488592747
17310501780
70643304150
01207643696
14593228786
04572859310
17017071875
14456595736
03601913631
10543547663
55769554000140
02569633470
04751480103
05848115940
09454791664
28764644898
38889704829
55013792878
12002155755
17547343759
27198218881
16992993747
06436246606
18257533777
13390322604
71410511715
66030250787
00840014961
34319848861
97795054072
00600941760
34400702000184
07535698760
01863423303
36543107880
16515580606
47428107830
42175620808
06579739630
45494689042
72310065153
27831658807
16560879798
35979914838
37374201818
10823765741
03351236352
82736227115
15127466732
00928644901
00609388622
15013788722
05854399741
09477727407
10581288920
00067708609
87788950300
14597610499
16445544886
18214986745
14037115778
04857281414
03312520746
10514976713
69912947304
05390899660
44327921831
05893695712
05946856995
14971415670
47378789879
02424934088
11046844628
01770875107
13473519731
35929818894
04134415632
57181861972
00228705479
06136726904
34897136806
10639576648
34291819846
08201721462
08947847496
49238598819
15158617406
60963522272
47523183859
62570551309
99442973304
35911049813
01606916645
01780546319
35489756829
06001274193
01692567233
07189212400
61016983352
10770728480
05480853740
03710086116
12437368795
05906179747
05440046631
16036168705
12675360473
08161386641
45594117000189
46937658800
16542971866
02019349302
44995981845
04821724871
01120339030
40435917803
17099083000110
04299882903
28146519865
61104774356
04831157627
10942873777
26885072000157
02064556311
08156487664
16018444763
40964000334
43092491831
39802790818
37363995885
11653793767
11412985463
42017431877
08220703407
61565031377
06146393444
39859435839
02310418102
15499518742
85432903253
46420808804
01297526147
11437583741
27831879730
46690863832
11730113907
96623748920
85432903253
13631534809
25966869880
54461910210
44986343149
29905294899
14160413463
05685262957
13909204619
50883117886
10661847985
59351012204
14652996969
06870184470
04755506255
08652987696
10366473662
02381149708
12197490796
47945302858
11037699793
48126645865
00339788240
02768707783
85432903253
03351576706
30307234000147
05055775696
54423589753
00848622979
04954578094
03013916028
04809703940
00819275336
48790379829
41750938855
44451784468
78308380468
28483785811
01121705871
06012600909
43318026808
05311059540